15
33 20 47 13 1 3 8 16 25 46 10 17 29 10 39
59
19
46 96 346 1 9 46 255 785 98 22 489 256 111 187 899 33 15 243 367
1156
10
1 1 1 1 1 1 1 1 1 1
10
12
1 1 1 9 47 67 589 3 5 7 267 143
999
4
1 2 1 1
4
7
534 81 1000 836 1165 50 123
3789
15
46 2 94 780 267 19 20 33 333 278 20 78 129 83 57
367
25
55 637 927 65 90 297 36 735 98 72 19 91 83 73 56 161 40 33 8 75 982 91 53 74 78
638
6
2 1 2 3 4 1
7
15
34 7834 922 739 849 8 63 81 940 284 92 19 384 859 2934
3829
15
2 490 2 14 59 29 876 9 27 18 94 82 10 984 91
444
4
1 1 1 1
5
4
0 0 0 0
4
15
33 22 18 948 19 18 49 184 1 9 28 21 35 12 98
25
14
33 20 47 13 1 3 8 16 25 46 10 17 29 10
271
16
46 96 346 1 9 46 785 98 22 489 256 187 899 33 15 243
3572
11
1 1 1 9 47 67 3 5 7 267 143
19
4
3 2 3 0
4
11
534 81 1000 836 739 103 1 38 10 50 123
3789
15
46 2 94 780 267 19 20 33 333 278 20 78 129 83 57
5000
23
55 637 927 65 90 297 36 98 72 19 91 83 73 56 40 33 8 75 982 91 53 74 78
9000
6
2 1 2 3 2 1
15
14
34 922 1039 2891 849 8 63 81 940 284 92 19 859 2934
12000
20
26734 289 938 890 22 381 83 1732 1836 18 394 94 3 1 46734 5362 20765 6482 675 3987
101012