[(8.39,4.8),(8.39,4.8)]  0.0
[(8.39,4.8),(7.77,-3.2)]  8.023989032893802
[(8.39,4.8),(-8.31,8.06)]  17.015216719160534
[(8.39,4.8),(-0.61,3.87)]  9.047922413460451
[(8.39,4.8),(9.32,-8.91)]  13.741506467633018
1 == 5
[(7.77,-3.2),(8.39,4.8)]  8.023989032893802
[(7.77,-3.2),(7.77,-3.2)]  0.0
[(7.77,-3.2),(-8.31,8.06)]  19.63043555298761
[(7.77,-3.2),(-0.61,3.87)]  10.964000182415175
[(7.77,-3.2),(9.32,-8.91)]  5.9166375586138455
2 == 5
[(9.32,-8.91),(8.39,4.8)]  13.741506467633018
[(9.32,-8.91),(7.77,-3.2)]  5.9166375586138455
[(9.32,-8.91),(-8.31,8.06)]  24.47034531836443
[(9.32,-8.91),(-0.61,3.87)]  16.18435355520881
[(9.32,-8.91),(9.32,-8.91)]  0.0
3 == 5
[(-0.61,3.87),(8.39,4.8)]  9.047922413460451
[(-0.61,3.87),(7.77,-3.2)]  10.964000182415175
[(-0.61,3.87),(-8.31,8.06)]  8.76619073486312
[(-0.61,3.87),(-0.61,3.87)]  0.0
[(-0.61,3.87),(9.32,-8.91)]  16.18435355520881
4 == 5
[(-8.31,8.06),(8.39,4.8)]  17.015216719160534
[(-8.31,8.06),(7.77,-3.2)]  19.63043555298761
[(-8.31,8.06),(-8.31,8.06)]  0.0
[(-8.31,8.06),(-0.61,3.87)]  8.76619073486312
[(-8.31,8.06),(9.32,-8.91)]  24.47034531836443
38.89
